Tageswerte der Station 10870 Muenchen/Flughafen
 STAT JJJJMMDD QN     TG     TN     TM     TX    RFM     FM     FX     SO     NM     RR     PM
----- -------- -- ------ ------ ------ ------ ------ ------ ------ ------ ------ ------ ------
10870 20190505  1   -1.2    2.0    4.6    7.9   72.3    2.0    8.7    1.5    7.8    0.5  962.5
10870 20190504  1   -1.0    0.6    6.0   13.7   83.1    3.0   15.1    3.5    6.0    0.8  955.0
10870 20190503  1    1.4    4.9    9.4   12.2   85.8    3.0   10.6    0.4    7.5    2.6  957.9
10870 20190502  1   -1.9    0.8   12.2   20.3   62.4    3.0   13.9   11.7    3.7    2.4  957.7
10870 20190501  1   -1.2    2.8   10.4   17.3   69.9    2.0    6.9   10.5    1.6    0.0  963.1
10870 20190430  1    2.1    5.2    9.6   14.1   77.4    3.0   10.3    3.5    6.7    0.2  964.9
10870 20190429  1    1.6    3.2    6.9   11.5   79.5    3.0   11.6    0.6    7.8    4.9  966.9
10870 20190428  1    2.5    3.4    7.4   11.5   65.6    3.0   10.0    7.7    6.3    0.0  966.9
10870 20190427  1    4.4    5.2    9.1   14.8   76.7    3.0   17.5    3.3    6.6    4.2  964.6
10870 20190426  1    3.2    6.5    9.6   16.2   72.1    3.0   12.7    3.2    6.0    2.4  961.4
10870 20190425  1    0.0    2.8   15.9   25.4   51.0    3.0   12.3   11.2    3.3    0.0  958.2
10870 20190424  1    0.6    5.0   16.7   26.1   49.1    3.0   13.7   10.1    4.9    0.0  952.7
10870 20190423  1    4.7    8.3   14.2   20.4   56.8    4.0   13.7    4.0    6.6    0.0  949.3
10870 20190422  1   -2.0    1.3   14.4   22.0   42.7    3.0   13.2   12.7    3.4    0.0  957.0
10870 20190421  1   -4.1   -1.4   12.1   21.3   46.1    2.0   10.3   13.4    0.8    0.0  967.0
10870 20190420  1   -2.2    1.1   12.5   21.1   46.6    2.0    9.5   13.4    0.0    0.0  973.6
10870 20190419  1   -0.3    6.1   13.8   20.9   44.3    3.0   10.8   13.4    0.0    0.0  974.3
10870 20190418  1    2.4    5.6   12.8   18.9   52.4    3.0   12.9   13.2    1.2    0.0  971.1
10870 20190417  1   -1.3    1.0   10.6   17.5   49.8    3.0   13.4   12.9    3.8    0.0  969.4
10870 20190416  1   -4.4   -1.0    9.2   18.1   56.8    2.0    6.5   12.8    2.6    0.0  965.3
10870 20190415  1   -1.8    2.8    8.2   13.8   67.9    2.0   11.8    9.5    3.1    0.0  968.6
10870 20190414  1    1.6    2.2    5.8    9.2   61.3    2.0    9.1    3.0    7.5    1.0  965.5
10870 20190413  1    1.5    2.1    5.6   10.2   53.8    3.0    9.3    7.8    6.0    0.0  965.0
10870 20190412  1   -0.5    0.6    4.8    8.0   57.6    2.0    8.7    3.1    7.1    0.0  966.1
10870 20190411  1    2.2    4.1    6.7   10.0   66.7    2.0    7.2    0.5    7.2    0.0  963.3
10870 20190410  1    3.9    5.9    9.5   12.6   75.5    2.0    6.7    1.2    7.2    0.6  957.2
10870 20190409  1    3.3    6.0   11.3   16.3   75.7    2.0   10.6    4.9    6.8    0.0  956.5
10870 20190408  1    0.7    3.5    9.4   11.8   80.0    3.0    8.0    0.0    7.2    2.0  957.2
10870 20190407  1   -2.2    0.7    9.0   15.6   69.0    2.0    6.2    7.8    5.3    0.0  952.1
10870 20190406  1   -0.2    2.1    9.6   15.5   69.0    3.0   10.6    9.2    5.8    0.0  951.7
10870 20190405  3    0.5    3.1    5.5    9.0   79.3    2.0    6.2    1.2    6.9    0.0  952.1
10870 20190404  3   -0.6    1.9    7.1   14.0   71.1    3.0   15.6    7.0    6.2    0.0  946.4
10870 20190403  3    2.2    4.6   12.3   20.0   51.0    3.0   14.7    8.3    5.8    0.0  950.2
10870 20190402  3   -4.0   -1.2   10.7   19.7   59.0    2.0    7.7   10.1    5.6    0.0  958.6
10870 20190401  3    0.7    4.2    9.8   15.3   66.9    3.0   12.1   10.8    1.1    0.0  965.4
10870 20190331  3   -4.0   -2.0    8.9   17.8   62.1    2.0    9.1   11.7    0.9    0.0  967.4
10870 20190330  3   -4.9   -2.7    7.4   17.7   69.4    1.0    4.6   11.8    2.5    0.0  971.0
10870 20190329  3   -3.6   -0.5    7.7   14.1   73.9    3.0   10.8   11.7    2.2    0.0  976.6
10870 20190328  3    1.1    2.7    7.5   12.9   73.1    2.0    6.2    3.2    7.3    0.0  979.2
10870 20190327  3    1.4    1.7    4.7    7.3   78.6    2.0    7.7    0.3    7.6    0.0  977.8
10870 20190326  3   -2.6   -1.1    4.1    8.3   68.7    2.0    9.3    3.1    6.5    1.1  974.6
10870 20190325  3   -0.7    1.0    5.4    9.4   72.2    3.0   15.1    5.8    6.4    3.2  967.4
10870 20190324  3   -4.5   -2.1    8.5   17.7   68.0    2.0    9.3   10.8    1.8    0.0  969.6
10870 20190323  3   -5.8   -3.6    7.4   18.4   65.5    2.0    5.7   11.6    0.8    0.0  974.1
10870 20190322  3   -6.3   -3.6    5.6   16.1   67.5    2.0   10.6   10.9    3.9    0.0  976.6
10870 20190321  3   -7.4   -5.3    3.8   12.5   63.8    2.0   10.5   11.7    2.8    0.0  979.6
10870 20190320  3   -7.8   -5.4    2.1    9.1   66.4    1.0    8.2   11.2    1.6    0.0  980.0
10870 20190319  3   -5.7   -3.3    2.2    7.8   72.8    2.0    6.7    5.5    3.8    0.0  973.6
10870 20190318  3   -3.5   -1.0    3.6    7.2   74.0    4.0   14.6    3.2    6.0    0.4  966.0
10870 20190317  3   -4.8   -1.0    8.6   18.6   59.3    4.0   20.1    9.7    5.3    1.8  955.8
10870 20190316  3   -2.8    1.4   10.1   14.9   68.2    5.0   20.8    4.7    6.2    0.0  959.8
10870 20190315  3    2.1    3.6    6.9   10.2   87.1    5.0   23.3    0.0    7.7   10.3  957.5
10870 20190314  3    1.8    2.8    4.4    6.6   80.8    6.0   23.0    0.1    7.6    2.8  956.8
10870 20190313  3    2.1    3.5    6.0    9.4   61.0    5.0   20.9    5.9    5.6    0.4  959.0
10870 20190312  3   -0.6    1.3    4.3    8.9   59.7    3.0   14.4    6.7    6.0    0.0  967.6
10870 20190311  3   -0.5   -0.1    2.7    5.6   71.9    5.0   21.4    1.5    5.8    0.6  966.4
10870 20190310  3    3.3    5.1    9.7   14.4   72.0    5.0   30.0    2.2    6.3    9.9  959.6
10870 20190309  3    2.2    4.3    8.6   10.7   67.3    5.0   22.4    0.2    6.9    0.9  964.9
10870 20190308  3   -0.9    2.6    7.1   11.2   64.4    4.0   17.7    4.5    5.0    0.0  963.1
10870 20190307  3   -1.3    1.5    6.6   13.2   76.9    3.0   18.0    3.1    6.0    1.4  952.6
10870 20190306  3   -2.3    0.8    5.9   12.3   82.0    2.0   11.8    6.6    6.0    0.0  957.2
10870 20190305  3    1.4    2.9    5.7    9.6   71.2    5.0   19.5    2.1    6.8    4.4  959.1
10870 20190304  3   -2.1    2.3    8.1   16.1   60.3    4.0   24.9    3.5    6.3    1.7  952.2
10870 20190303  3    3.0    5.5    9.4   13.5   64.0    4.0   15.6    4.7    7.3    0.0  962.3
10870 20190302  3    2.9    5.1    6.3    8.6   82.2    3.0   10.1    0.0    7.4    0.0  965.2
10870 20190301  3    5.2    5.8    7.0    8.6   85.7    4.0   13.7    0.0    7.7    5.9  962.6
10870 20190228  3   -5.1   -3.6    8.8   17.6   59.0    4.0   17.3    9.8    1.7    0.7  965.2
10870 20190227  3   -4.2   -1.5    6.5   16.3   68.2    1.0    4.1   10.5    1.5    0.0  974.3
10870 20190226  3   -5.8   -3.9    5.5   15.7   72.1    1.0    5.7    9.3    5.3    0.0  980.1
10870 20190225  3   -7.1   -5.2    2.7   12.7   69.3    1.0    6.9    9.9    2.5    0.0  983.6
10870 20190224  3   -9.5   -6.8    0.0    5.9   53.6    2.0    5.9    6.6    2.6    0.0  984.3
10870 20190223  3   -7.8   -4.5    0.2    4.8   56.9    3.0   10.3    9.8    2.9    0.0  985.2
10870 20190222  3   -0.8    1.5    7.0    9.9   83.8    3.0    8.2    0.1    7.4    0.2  979.4
10870 20190221  3   -2.8   -0.3    6.9   12.5   76.2    2.0    8.2    4.6    6.5    1.4  974.8
10870 20190220  3   -0.1    1.2    6.0   10.3   78.1    1.0    6.2    1.3    7.4    0.0  971.6
10870 20190219  3   -6.6   -4.9    4.9   12.7   70.1    2.0    9.8    7.0    4.8    0.0  967.9
10870 20190218  3   -9.0   -6.1    1.5   11.6   77.0    1.0    4.6   10.1    0.5    0.0  968.6
10870 20190217  3   -7.6   -6.3    2.5   14.0   76.1    1.0    5.1   10.0    0.8    0.0  973.2
10870 20190216  3   -7.8   -5.9    2.0   13.1   77.8    1.0    4.6    9.7    2.0    0.0  976.3
10870 20190215  3   -7.2   -4.8    1.2   10.6   82.3    2.0    6.2    9.9    1.3    0.0  980.5
10870 20190214  3   -6.2   -4.7    1.1    8.8   80.8    1.0    4.1    8.1    4.0    0.0  983.1
10870 20190213  3   -5.6   -3.1    1.4    6.5   72.9    2.0    5.1    8.2    5.0    0.0  983.4
10870 20190212  3   -2.1   -0.6    1.3    2.9   75.3    3.0   12.7    0.0    7.1    0.0  978.9
10870 20190211  3   -1.1    0.0    2.3    4.4   82.8    4.0   19.4    0.2    7.2    2.7  962.9
10870 20190210  3   -2.8    0.6    4.9    8.5   71.5    3.0   21.8    2.7    7.3    1.4  953.9
10870 20190209  3   -3.6   -5.9    3.6    8.0   74.7    3.0   13.9    5.1    7.1    0.2  961.9
10870 20190208  3   -2.2   -4.2    2.2    8.1   77.5    2.0    7.2    8.0    6.2    0.0  966.1
10870 20190207  3   -1.4   -7.3   -3.3    3.6   93.2    2.0    7.2    0.2    8.0    3.4  965.2
10870 20190206  3   -1.7   -5.9   -4.8   -3.7   95.5    2.0    5.1    0.0    7.9    0.0  973.8
10870 20190205  3   -0.8   -5.8   -4.2   -2.1   93.8    1.0    4.8    0.0    7.9    0.0  975.7
10870 20190204  3   -0.8  -11.2   -3.0    2.8   89.3    2.0    7.2    8.0    4.9    0.0  975.3
10870 20190203  3    0.0   -1.4   -0.1    1.4   95.5    3.0    9.8    0.0    8.0   13.0  958.9
10870 20190202  3   -2.1   -0.5    1.7    5.4   93.5    2.0    5.1    0.1    7.5   13.4  944.5
10870 20190201  3   -3.2   -1.8    0.1    2.4   74.0    2.0    6.2    0.3    7.6    1.7  939.9
10870 20190131  3  -10.7   -7.8   -1.5    3.9   71.2    2.0    7.9    7.3    4.5    0.0  946.1
10870 20190130  3   -8.2   -5.7   -1.4    3.9   74.6    3.0   12.9    0.7    5.8    0.0  945.6
10870 20190129  3   -5.5   -3.3   -0.2    2.6   79.0    3.0   12.9    1.8    5.5    0.0  953.1
10870 20190128  3   -0.2    0.0    1.6    3.7   75.8    5.0   17.2    0.4    7.8    0.0  946.2
10870 20190127  3   -1.0    1.2    3.7    6.9   76.6    3.0   15.2    0.6    6.8    1.0  944.1
10870 20190126  3   -3.8   -3.4    1.2    4.5   81.6    4.0   16.3    0.3    7.5    0.9  958.1
10870 20190125  3   -6.3   -5.4   -4.0   -2.5   78.5    3.0    8.2    0.2    7.8    0.5  962.4
10870 20190124  3   -4.3   -4.2   -2.8   -0.3   77.5    2.0    6.0    2.2    7.7    0.0  954.5
10870 20190123  3   -5.4   -6.0   -4.7   -3.8   85.7    2.0    6.5    0.0    8.0    0.0  946.4
10870 20190122  3   -4.8   -5.3   -4.0   -2.9   88.9    2.0    7.2    0.0    8.0    0.0  957.9
10870 20190121  3   -6.3   -5.1   -3.5   -2.0   83.8    2.0    4.6    0.0    7.2    0.0  965.9
10870 20190120  3  -12.1  -10.7   -6.2   -2.7   87.7    2.0    4.6    3.9    5.3    0.0  962.2
10870 20190119  3  -10.7   -8.9   -4.4   -1.4   85.9    2.0    9.6    4.1    5.8    0.0  962.7
10870 20190118  3   -6.6   -3.9   -0.5    2.4   79.5    3.0   10.6    3.3    5.2    0.0  964.6
10870 20190117  3   -5.1   -3.1    3.7    7.9   75.2    4.0   15.6    1.3    6.6    0.2  955.9
10870 20190116  3   -4.8   -3.0    1.2    5.0   78.0    2.0    8.2    8.0    6.2    0.0  961.9
10870 20190115  3   -0.5   -0.2    1.6    3.1   76.8    4.0   13.6    0.2    7.4    0.0  967.1
10870 20190114  3   -1.5   -0.1    2.4    5.0   87.5    4.0   13.4    0.0    7.1    8.2  956.1
10870 20190113  3    0.0    0.6    2.7    5.4   91.0    5.0   21.9    0.0    8.0    5.7  955.2
10870 20190112  3   -0.7   -1.3    1.0    2.8   87.4    5.0   16.3    0.0    7.9    5.9  966.8
10870 20190111  3   -1.9   -5.2   -2.8   -1.1   81.5    4.0   14.4    0.5    7.7    1.0  970.3
10870 20190110  3   -1.5   -3.5   -1.1    0.1   86.8    3.0    8.2    0.0    7.4    0.2  965.9
10870 20190109  3   -1.2   -1.2    0.1    1.7   89.7    4.0   16.8    0.0    7.9    2.5  957.5
10870 20190108  3    0.0    0.5    2.0    4.1   88.8    5.0   18.5    0.7    7.5    2.4  962.5
10870 20190107  3   -0.3    0.6    1.6    2.5   92.7    3.0    8.9    0.0    7.9    2.2  976.7
10870 20190106  3   -0.1    0.4    1.4    2.6   94.3    3.0   10.3    0.0    8.0    3.3  974.3
10870 20190105  3   -0.3   -0.7    0.2    1.4   95.0    5.0   15.7    0.0    8.0    6.7  972.4
10870 20190104  3   -3.3   -1.9   -1.0    0.1   87.3    4.0   14.4    0.0    8.0    1.0  979.3
10870 20190103  3   -5.3   -2.7   -1.6   -0.7   71.8    3.0   10.5    4.3    6.6    0.0  980.4
10870 20190102  3   -5.9   -3.0    0.3    3.3   77.4    4.0   15.8    1.2    6.3    1.0  974.3
10870 20190101  3    1.7    2.4    4.2    5.4   88.2    4.0   16.5    0.0    7.8    2.6  974.3
10870 20181231  3    2.2    2.4    3.5    4.9   95.6    3.0    8.2    0.0    8.0    3.8  979.0
10870 20181230  3    0.0    0.2    2.9    4.4   89.8    4.0   13.2    0.0    8.0    0.7  976.7
10870 20181229  3   -6.9   -5.3   -0.8    1.6   90.1    3.0   10.1    0.0    7.5    1.4  977.9
10870 20181228  3   -6.8   -5.2   -0.5    4.4   84.0    2.0    5.7    7.0    3.9    0.0  974.5
10870 20181227  3   -5.3   -4.8   -2.9   -0.4   96.4    1.0    3.1    2.9    6.4    0.0  974.7
10870 20181226  3   -6.2   -4.2   -2.8   -1.0   94.3    2.0    6.2    2.1    6.5    0.0  978.7
10870 20181225  3   -6.0   -4.1    0.4    2.5   86.4    2.0    7.2    0.4    6.3    0.0  980.6
10870 20181224  3    0.6    1.8    5.0   10.9   86.7    4.0   21.6    0.9    7.3    1.2  970.4
10870 20181223  3    3.8    5.2    7.6   10.9   87.7    4.0   18.3    0.0    7.8   18.5  968.0
10870 20181222  3    5.9    6.6    9.4   11.5   80.6    5.0   21.1    0.0    7.5    6.5  964.0
10870 20181221  3    1.3    3.4    7.0   10.7   74.4    5.0   22.3    0.0    7.7    7.7  963.1
10870 20181220  3   -1.0    0.3    4.2    8.0   79.6    3.0   13.1    4.2    6.9    0.0  965.8
10870 20181219  3   -2.3   -2.1    0.0    1.7   90.0    2.0    6.2    0.0    7.8    1.0  965.1
10870 20181218  3   -3.0   -1.8    1.7    5.3   89.6    2.0   11.3    6.5    6.0    0.0  972.3
10870 20181217  3   -6.6   -3.4    0.0    3.3   94.3    2.0    6.7    0.0    7.5    0.4  969.4
10870 20181216  3  -10.8   -6.6   -3.0    0.3   89.4    2.0    5.7    0.0    6.8    0.3  962.4
10870 20181215  3   -9.0   -5.2   -2.3   -1.6   75.6    2.0    7.4    0.0    7.0    0.0  970.0
10870 20181214  3   -2.7   -3.0   -2.2   -1.8   79.6    2.0    7.7    0.0    8.0    0.0  966.1
10870 20181213  3   -2.1   -2.2   -0.9   -0.1   81.8    3.0   11.1    0.0    8.0    0.0  963.4
10870 20181212  3   -2.5   -1.4    0.5    1.9   92.1    2.0    7.7    0.0    8.0    0.0  968.2
10870 20181211  3   -0.5    0.4    1.4    2.8   85.0    4.0   13.4    0.3    7.4    0.4  968.1
10870 20181210  3   -0.2    0.8    3.0    5.3   86.2    4.0   14.4    0.9    7.3    3.4  965.5
10870 20181209  3    3.7    4.7    6.3    9.3   82.6    5.0   22.8    0.1    7.9    4.2  953.2
10870 20181208  3    2.5    3.7    6.6    8.3   67.3    6.0   21.8    3.6    5.6    3.7  959.5
10870 20181207  3    4.4    7.7   10.3   13.5   76.2    4.0   16.8    1.0    6.9    0.4  961.5
10870 20181206  3    1.7    1.9    6.2   10.4   90.2    2.0    7.5    0.6    7.6    0.5  968.1
10870 20181205  3   -2.8   -0.8    2.3    4.6   91.6    2.0    8.2    0.0    6.9    0.1  972.4
10870 20181204  3    1.6    2.9    7.2    9.8   83.1    3.0   14.4    0.8    6.5    1.1  965.9
10870 20181203  3    8.0    8.6   11.6   14.3   80.5    4.0   21.9    1.1    7.5    5.4  955.8
10870 20181202  3   -4.3   -2.0    5.5   11.4   90.3    3.0   14.9    0.0    7.3   11.0  957.9
10870 20181201  3   -3.6   -1.4    3.3    8.2   94.3    2.0    5.5    1.5    6.6    0.0  965.0
10870 20181130  3   -2.1   -2.2   -0.8    0.6   89.5    2.0    5.3    0.0    8.0    4.4  963.9
10870 20181129  3   -3.5   -3.9   -1.8   -0.1   87.2    3.0    6.9    5.2    7.6    0.0  968.9
10870 20181128  3   -1.6   -1.9   -0.9    1.0   95.2    3.0   11.0    0.0    8.0    0.0  972.3
10870 20181127  3   -1.1   -0.2    0.7    1.6   94.6    1.0    3.1    0.0    8.0    2.1  964.7
10870 20181126  3    0.0    0.0    1.7    3.0   96.6    2.0    5.1    0.0    8.0   18.0  954.3
10870 20181125  3    0.0    0.1    2.2    4.4   98.9    2.0    6.7    0.0    8.0    0.7  956.6
10870 20181124  3   -2.6   -0.9    3.6    7.4   94.7    2.0    7.2    0.3    6.9    1.2  961.2
10870 20181123  3    1.4    1.1    1.9    3.5   97.0    2.0    8.5    0.0    8.0    0.0  966.1
10870 20181122  3   -3.9   -2.0    1.2    3.0   92.5    1.0    5.1    0.0    7.6    0.0  966.9
10870 20181121  3   -0.5   -0.7    0.6    1.8   94.1    2.0    7.2    0.0    8.0    0.0  961.7
10870 20181120  3   -6.0   -1.9    1.6    5.5   80.0    3.0   15.4    7.0    3.9    0.0  954.3
10870 20181119  3   -2.1   -1.0    0.0    0.8   84.2    4.0   13.4    0.0    7.9    0.0  959.3
10870 20181118  3   -5.5   -2.5    1.4    5.6   74.1    3.0   10.3    8.5    2.3    0.1  969.1
10870 20181117  3   -4.2   -1.1    2.8    7.4   71.5    3.0   12.9    8.7    0.1    0.0  973.8
10870 20181116  3   -6.3   -5.2    0.7    6.8   87.5    2.0   11.1    4.9    1.6    0.0  975.0
10870 20181115  3   -3.3   -2.1    2.8    5.4   95.8    2.0    6.0    0.6    5.5    0.0  974.6
10870 20181114  3   -3.0   -1.9    2.9    5.6   97.5    2.0    5.7    0.0    6.8    0.0  977.4
10870 20181113  3   -2.3   -1.0    6.2   11.8   91.2    2.0    8.9    1.7    6.1    0.2  974.5
10870 20181112  3    0.2    1.1    5.6   12.6   93.0    2.0    5.9    7.1    4.0    0.0  967.6
10870 20181111  3   -0.4    1.3    7.3   13.4   93.0    2.0    7.7    3.2    5.2    0.0  963.0
10870 20181110  3    1.2    5.6    7.3   10.5   93.8    2.0    7.5    3.2    6.7    0.0  959.6
10870 20181109  3    6.9    6.8    7.9    8.9   92.2    2.0    6.9    0.0    8.0    0.0  964.2
10870 20181108  3   -0.1    1.7    7.8   13.4   91.4    2.0    5.9    2.8    5.2    0.0  967.7
10870 20181107  3    0.0    2.0    8.4   15.3   89.5    2.0    6.7    7.7    3.5    0.0  960.6
10870 20181106  3   -1.7    0.2    9.4   17.7   86.0    2.0    6.7    6.7    4.2    0.0  957.4
10870 20181105  3    0.1    3.1   10.6   17.9   88.5    2.0    6.7    4.9    4.9    0.0  958.1
10870 20181104  3    8.8    9.1    9.5   10.0   94.0    2.0    8.2    0.0    8.0    0.0  964.5
10870 20181103  3    6.6    6.9    8.9   10.7   90.7    2.0    7.7    0.0    8.0    0.0  972.0
10870 20181102  3   -0.5    1.0    6.3   10.5   91.4    1.0    3.1    0.5    7.3    0.3  969.5
10870 20181101  3   -0.3    2.0    7.3   12.4   81.3    2.0    5.5    1.2    5.3    0.0  960.8
10870 20181031  3   -5.2   -3.1    4.7   12.1   81.2    2.0    8.7    5.6    4.8    0.0  963.7
10870 20181030  3   -4.0   -1.6    8.4   14.7   64.9    4.0   19.9    3.2    3.7    0.0  948.0
10870 20181029  3    3.4    3.2    7.3   14.0   92.5    3.0   15.1    0.7    7.7    0.5  945.1
10870 20181028  3    1.6    1.9    3.3    4.4   94.7    2.0    8.4    0.0    8.0    3.1  952.8
10870 20181027  3    4.1    4.1    5.6    8.2   89.5    2.0    7.4    0.0    8.0   25.4  955.9
10870 20181026  3    2.3    5.2   10.7   16.0   71.0    2.0    5.5    7.2    5.5    0.2  958.6
10870 20181025  3    8.2    9.3   11.5   14.1   80.6    3.0   10.6    2.1    6.9    0.0  966.7
10870 20181024  3    7.7    9.2   11.0   12.5   79.3    4.0   18.0    0.0    7.9    3.2  968.3
10870 20181023  3    7.4    7.5   10.4   13.0   70.5    4.0   16.7    0.1    7.8    0.1  972.6
10870 20181022  3   -4.8   -2.8    6.5   13.5   74.4    2.0    6.2    9.8    2.5    0.0  974.7
10870 20181021  3   -3.4   -0.5    7.6   13.7   74.9    2.0    9.8    7.3    3.2    0.0  974.7
10870 20181020  3    1.8    2.6    8.3   15.2   86.0    1.0    4.6    1.4    5.1    0.0  974.6
10870 20181019  3    0.6    1.4    8.0   17.4   88.8    1.0    5.9    5.8    1.9    0.0  969.7
10870 20181018  3    0.8    1.6    9.1   18.9   84.0    1.0    3.8    8.7    2.3    0.0  967.3
10870 20181017  3    0.8    2.2   10.3   20.2   79.0    1.0    4.1   10.0    1.0    0.0  966.8
10870 20181016  3    0.3    1.9   10.9   21.3   77.6    1.0    3.1   10.1    1.8    0.0  966.5
10870 20181015  3    0.3    3.1   11.3   22.1   75.9    2.0    6.2    9.9    1.0    0.0  963.2
10870 20181014  3    0.8    2.4   12.0   22.8   76.3    2.0    8.4   10.4    0.2    0.0  963.1
10870 20181013  3    2.6    4.0   12.2   21.9   77.7    2.0    8.2   10.3    0.0    0.0  969.6
10870 20181012  3    4.7    7.3   14.9   24.0   76.3    1.0    5.1   10.4    1.5    0.0  971.2
10870 20181011  3    1.0    4.5   13.8   23.4   70.5    2.0    6.9   10.0    1.6    0.0  964.3
10870 20181010  3    5.7    5.8   13.1   21.3   82.8    2.0   11.0    6.5    3.5    0.0  966.6
10870 20181009  3    3.9    5.1   10.6   17.2   92.5    2.0    6.2    2.6    4.7    0.1  969.9
10870 20181008  3    5.4    6.2   12.3   17.8   92.1    2.0    6.2    4.0    4.9    0.0  968.3
10870 20181007  3    6.7    9.8   14.3   18.8   87.3    2.0    5.7    0.6    6.3    0.0  963.0
10870 20181006  3    1.7    3.0   12.5   22.2   81.5    1.0    4.1    8.1    6.1    0.7  962.0
10870 20181005  3   -1.2    0.4    9.3   19.0   81.5    2.0    7.7   11.0    2.3    0.0  968.9
10870 20181004  3    0.2    1.8    8.7   16.4   83.3    1.0    5.9    8.2    1.9    0.0  974.3
10870 20181003  3    2.2    4.3   10.5   13.6   79.0    3.0   12.1    0.3    6.9    0.0  972.3
10870 20181002  3    3.2    4.4    8.8   11.5   67.9    4.0   13.4    4.1    7.0    0.0  969.5
10870 20181001  3    6.3    7.3   10.1   13.4   80.2    3.0   11.0    0.7    7.5    4.8  962.7
10870 20180930  3   -3.4   -1.2    9.2   18.8   76.1    1.0    5.1   11.1    0.9    9.8  965.0
10870 20180929  3   -0.3    4.3   10.2   15.1   64.1    3.0    9.1    8.2    4.8    0.0  972.2
10870 20180928  3    1.5    3.1   12.8   20.8   72.2    2.0    9.6   10.5    2.3    0.0  969.4
10870 20180927  3   -0.2    0.8   10.7   20.7   75.5    1.0    6.2   11.5    0.5    0.0  976.2
10870 20180926  3   -3.5   -1.1    7.4   16.7   72.5    1.0    6.7   10.5    3.7    0.0  981.5
10870 20180925  3   -2.5   -0.5    6.1   11.9   71.5    2.0    6.0   10.2    2.0    0.0  984.0
10870 20180924  3    1.7    3.6    8.9   13.3   67.4    3.0   12.3    5.7    4.0    0.0  977.1
10870 20180923  3    9.1   10.1   16.4   25.3   79.1    4.0   25.9    5.1    6.3   14.5  962.6
10870 20180922  3    6.8    9.3   13.2   17.1   66.4    2.0    7.7    7.9    7.0    8.6  970.1
10870 20180921  3    6.9    8.2   18.0   28.2   68.5    3.0   18.9    8.9    4.8    0.6  962.8
10870 20180920  3    8.6   10.0   17.9   26.6   75.9    1.0    5.7   11.7    0.4    0.0  968.0
10870 20180919  3    9.5   11.6   18.2   25.6   75.2    1.0    6.5    8.2    3.1    0.0  969.4
10870 20180918  3    8.7    9.8   18.7   27.0   73.3    2.0    9.3   10.6    2.5    1.5  966.4
10870 20180917  3   10.0   11.1   17.7   25.7   79.7    1.0    5.7   10.0    2.8    0.0  968.7
10870 20180916  3    3.7    5.2   14.6   22.5   79.6    2.0    7.9   10.6    4.4    0.9  970.7
10870 20180915  3    5.3    7.4   15.1   20.9   80.1    2.0    7.2    5.6    4.9    0.0  971.0
10870 20180914  3    9.7   10.9   16.3   21.0   82.9    1.0    5.1    3.3    6.0    1.6  967.7
10870 20180913  3    9.3   10.8   18.0   24.1   77.7    2.0    9.1    3.1    6.0   11.9  966.2
10870 20180912  3    6.7    8.7   18.8   28.2   69.1    1.0    7.2   12.0    1.6    0.0  969.8
10870 20180911  3    7.7    9.6   18.1   26.3   69.7    2.0    8.1   11.5    6.2    0.0  972.7
10870 20180910  3    5.8    7.2   16.8   25.1   72.2    1.0    6.7    9.9    3.8    0.0  971.4
10870 20180909  3    5.2    6.7   15.5   23.9   76.7    1.0    5.5   12.3    4.3    0.0  970.1
10870 20180908  3    7.3    8.9   15.6   21.2   76.8    1.0    4.1    7.0    3.5    0.0  969.0
10870 20180907  3   14.0   15.1   17.5   21.8   81.5    2.0   10.6    3.6    7.4    2.7  963.1
10870 20180906  3    9.5   10.4   17.1   25.0   77.4    2.0    7.9    8.7    4.3    0.6  960.9
10870 20180905  3    8.8    9.8   16.9   22.8   83.8    2.0    6.7   11.1    1.4    0.1  965.1
10870 20180904  3   13.1   14.7   16.5   19.9   90.3    2.0    6.2    1.1    7.3   10.4  964.0
10870 20180903  3   13.7   13.7   16.5   19.7   83.0    2.0    6.0    1.7    7.4    4.3  964.1
10870 20180902  3   11.8   11.7   13.9   16.7   89.6    2.0    5.3    0.2    7.8    0.2  968.1
10870 20180901  3   11.5   11.6   12.2   13.3   92.5    2.0    6.2    0.0    8.0    3.3  969.4
10870 20180831  3    9.7   10.9   13.7   15.2   92.8    2.0    4.6    0.0    7.5   15.7  967.5
10870 20180830  3   10.2   11.8   17.0   19.9   81.8    2.0    8.2    0.1    7.0    2.8  967.2
10870 20180829  3    6.8    8.3   18.6   28.0   73.0    2.0   19.4   11.0    3.7   12.8  963.4
10870 20180828  3    8.5   11.3   18.8   25.2   69.1    1.0    6.5    8.3    3.8    0.0  967.1
10870 20180827  3    1.4    3.6   16.1   24.9   59.5    2.0    9.6    9.8    4.0    0.0  964.9
10870 20180826  3    4.4    7.2   12.7   17.8   69.5    2.0    7.7    8.2    5.7    0.0  965.4
10870 20180825  3    9.7   10.1   13.8   17.2   77.6    3.0   10.1    0.0    7.8    1.8  962.5
10870 20180824  3   12.4   13.7   17.2   21.6   83.8    3.0   11.0    1.0    6.4    4.9  961.5
10870 20180823  3   12.5   13.7   21.8   30.3   67.2    2.0   12.5    8.9    5.4    0.0  962.6
10870 20180822  3   10.6   11.9   22.0   31.2   63.1    1.0    7.2   13.0    1.0    0.0  965.5
10870 20180821  3   11.4   12.7   21.5   29.7   63.9    2.0    6.5   12.5    1.2    0.0  967.2
10870 20180820  3   12.3   14.4   22.1   29.7   58.3    2.0    6.9   12.9    1.2    0.0  967.1
10870 20180819  3   10.9   13.0   21.4   30.1   63.9    1.0    6.2   12.5    1.6    0.0  968.2
10870 20180818  3   12.6   14.4   20.5   27.2   68.4    2.0    8.2   11.4    2.9    0.0  968.1
10870 20180817  3    8.1    9.7   19.7   28.4   65.0    1.0    7.4   13.1    1.9    0.0  964.0
10870 20180816  3    9.6   10.9   19.7   26.6   66.8    2.0    7.5   13.4    0.8    0.0  965.6
10870 20180815  3   11.6   13.6   19.5   25.3   66.1    2.0    7.2   11.4    3.3    0.0  968.0
10870 20180814  3   13.8   14.9   19.8   24.5   66.5    3.0   10.8    6.5    6.1    0.0  963.7
10870 20180813  3   10.2   12.2   20.1   29.6   74.3    2.0   18.7    8.6    4.7    9.2  959.9
10870 20180812  3    5.9    7.5   18.4   27.9   67.3    2.0   10.5   13.7    1.9    0.0  965.2
10870 20180811  3    7.5    8.3   16.3   24.1   69.0    2.0   11.3   12.9    3.2    0.0  971.0
10870 20180810  3    8.7   10.3   15.6   18.9   85.3    2.0    8.9    0.4    6.6    6.4  971.9
10870 20180809  3   12.7   14.5   23.7   33.5   60.9    2.0   15.8   12.1    3.4    8.6  963.2
10870 20180808  3   12.9   14.2   23.1   29.2   61.4    2.0   12.3   12.4    3.3    0.0  963.2
10870 20180807  3   14.0   15.4   23.6   31.7   60.5    2.0    8.4    8.0    4.6    0.0  962.7
10870 20180806  3   12.6   14.6   22.9   30.2   60.6    2.0    7.7   13.3    4.2    0.0  965.4
10870 20180805  3   13.9   15.9   23.5   30.1   65.9    2.0    7.9   12.7    2.5    0.0  966.1
10870 20180804  3   14.7   15.9   24.0   32.5   66.3    1.0    9.4   12.2    3.0    0.0  965.8
10870 20180803  3   15.2   15.8   23.6   31.6   70.8    2.0    6.7   11.4    3.0    0.0  967.9
10870 20180802  3   17.0   17.9   23.1   30.0   67.5    2.0   14.4   11.9    3.5    0.0  968.8
10870 20180801  3   14.8   15.8   25.4   33.4   57.0    2.0   12.2   10.4    3.0    0.0  965.9
10870 20180731  3   13.2   14.5   24.4   33.6   60.7    1.0    6.5   14.1    0.7    0.0  965.3
10870 20180730  3   12.8   14.2   23.4   31.6   63.3    1.0    5.7   13.9    1.5    0.0  965.0
10870 20180729  3   15.1   16.0   22.9   29.4   63.2    2.0    6.2   12.0    5.4    0.0  964.1
10870 20180728  3   11.9   13.1   22.1   28.9   65.9    2.0   11.1   10.5    4.0    0.9  960.4
10870 20180727  3   13.3   15.0   22.2   29.5   66.3    2.0    7.2   10.5    2.8    0.0  961.8
10870 20180726  3   11.8   12.8   21.7   28.6   65.4    2.0    7.7   13.2    1.8    0.0  963.8
10870 20180725  3   11.8   13.1   21.8   30.3   66.9    2.0    7.0   11.1    2.6    0.0  963.2
10870 20180724  3   11.4   13.1   20.7   28.2   70.9    1.0    7.0   13.5    0.6    0.0  963.8
10870 20180723  3   13.2   14.6   19.4   25.7   80.1    2.0    9.4    6.5    6.4    3.0  965.3
10870 20180722  3   15.4   16.0   17.1   18.8   92.3    2.0    7.0    0.1    7.7   24.6  962.4
10870 20180721  3   16.3   16.2   17.7   20.3   87.2    2.0    8.2    0.1    7.9   22.0  961.0
10870 20180720  3    8.5    9.9   21.1   28.8   59.7    2.0    9.1   13.0    3.5    0.9  962.0
10870 20180719  3    8.9   10.3   19.7   27.6   60.8    1.0    6.7   13.7    1.6    0.0  964.8
10870 20180718  3   10.8   13.1   20.9   27.3   59.5    2.0    7.2   11.0    2.3    0.0  964.8
10870 20180717  3    9.5   10.7   18.8   26.7   68.5    3.0   13.0   11.6    3.0    0.0  963.3
10870 20180716  3   10.2   11.2   17.7   23.8   76.8    2.0    7.7    6.7    5.2    2.4  962.3
10870 20180715  3    9.6   10.8   18.0   27.5   73.8    2.0   14.2   10.3    5.2   20.7  964.4
10870 20180714  3    9.0   10.3   18.8   26.0   70.6    2.0   11.7   10.1    3.0    0.0  966.4
10870 20180713  3    7.0    8.3   18.7   26.6   63.8    1.0    5.3   14.2    1.5    0.0  967.2
10870 20180712  3    6.2    7.4   15.7   22.8   69.1    2.0    8.2    9.7    3.0    0.0  965.5
10870 20180711  3    6.9    8.4   15.0   19.2   71.1    2.0    8.6    6.5    4.6    0.0  963.8
10870 20180710  3   12.5   13.4   17.3   23.7   72.0    2.0   10.6    2.8    7.2    3.2  963.4
10870 20180709  3    8.0    9.6   19.1   25.5   63.7    1.0    8.1   10.3    4.0    0.0  966.9
10870 20180708  3    8.8   10.4   18.9   24.8   60.7    2.0    9.3   13.5    3.0    0.0  968.5
10870 20180707  3   10.3   12.4   18.5   24.3   65.1    3.0    8.7   13.9    3.0    0.0  969.4
10870 20180706  3   14.2   15.0   17.1   20.4   88.1    3.0    9.3    0.2    7.5   22.4  965.7
10870 20180705  3    8.3   10.2   19.3   27.6   70.3    2.0   17.3   11.2    5.0    3.7  962.5
10870 20180704  3    9.4   11.7   19.3   26.9   73.1    2.0   10.1    7.8    5.3    0.0  964.4
10870 20180703  3    3.7    5.7   18.1   26.5   62.5    2.0    8.2   15.0    2.8    0.0  964.7
10870 20180702  3    4.4    7.7   16.2   23.2   56.0    2.0    7.2   15.3    0.0    0.0  963.7
10870 20180701  3    7.4   10.4   16.4   21.8   52.6    2.0    8.7   15.5    0.0    0.0  964.5
10870 20180630  3    9.6   12.6   19.2   24.9   65.8    2.0    8.7   13.6    1.6    0.0  962.5
10870 20180629  3   13.6   14.6   18.4   24.1   82.4    2.0    8.7    5.4    6.9   23.1  963.4
10870 20180628  3    7.6    9.0   13.7   15.6   91.5    2.0   10.5    0.0    7.8   25.0  966.1
10870 20180627  3    6.3    8.5   15.7   22.2   64.8    2.0   12.9    8.6    3.8    0.5  968.9
10870 20180626  3    4.2    6.9   16.4   22.2   65.2    2.0    7.9    9.5    3.2    0.0  969.9
10870 20180625  3    7.9    9.5   14.8   19.7   69.5    2.0    5.7    4.1    7.0    0.0  969.3
10870 20180624  3   11.1   11.1   15.3   19.2   62.9    2.0    6.2    4.5    7.2    1.6  968.3
10870 20180623  3    2.5    4.9   13.0   18.2   62.2    3.0   10.3    7.8    4.5    0.0  971.5
10870 20180622  3    4.0    6.3   13.0   16.8   52.3    3.0   13.5   11.0    3.0    0.0  970.5
10870 20180621  3   10.6   12.0   20.6   28.5   63.0    3.0   13.2   10.2    3.8    0.0  964.2
10870 20180620  3   10.6   11.7   20.5   26.9   66.9    2.0   10.6   15.1    1.3    0.0  969.1
10870 20180619  3    8.1   10.0   18.1   24.3   72.5    2.0    7.7    6.5    4.7    0.0  972.0
10870 20180618  3    9.3   11.1   17.9   22.8   69.0    2.0    8.2    8.7    5.0    0.0  970.0
10870 20180617  3    7.8    9.7   17.9   23.3   73.0    2.0    8.4    6.9    5.8    1.0  965.6
10870 20180616  3    6.0    7.4   17.1   24.5   65.2    1.0    7.5   14.6    1.3    0.0  964.0
10870 20180615  3    7.1    8.5   15.7   21.8   66.5    1.0    6.2   10.6    4.3    0.0  965.1
10870 20180614  3    6.8    8.4   13.9   17.7   67.7    2.0    5.7    4.3    5.8    0.0  964.6
10870 20180613  3   12.1   12.7   14.1   15.6   83.8    2.0    8.6    0.0    8.0    1.4  959.4
10870 20180612  3   15.3   15.2   18.5   23.9   81.3    2.0    8.7    2.8    7.6   38.3  957.1
10870 20180611  3   12.0   13.2   21.3   28.9   71.0    2.0   13.2   10.4    4.7    0.0  958.0
10870 20180610  3   13.4   15.2   21.0   26.5   73.2    2.0    9.4   11.6    3.8    0.0  960.5
10870 20180609  3   14.0   14.9   19.9   26.9   77.8    2.0    9.3    8.4    4.5   19.3  960.3
10870 20180608  3   14.1   15.2   20.6   27.1   74.9    2.0   10.1    7.7    5.2    0.2  960.3
10870 20180607  3   11.4   12.5   18.8   25.6   80.7    2.0    6.7    6.7    6.3    0.2  963.0
10870 20180606  3   10.5   14.5   20.0   27.6   71.0    2.0   14.7   10.3    3.8    5.7  960.4
10870 20180605  3   10.0   12.0   21.4   28.2   56.3    2.0    6.7   13.7    1.3    0.0  958.4
10870 20180604  3    8.8   10.9   20.9   27.6   60.8    2.0    9.3   15.1    1.5    0.0  959.0
10870 20180603  3    9.7   11.7   19.7   26.2   67.3    2.0    6.7   14.3    2.8    0.0  964.9
10870 20180602  3   12.0   13.9   19.0   24.4   70.9    2.0    6.3    9.1    4.8    0.0  966.8
10870 20180601  3   13.6   15.2   18.9   23.8   72.9    2.0    9.3    6.0    5.7    0.0  966.3
10870 20180531  3   12.0   13.7   20.7   29.0   73.1    2.0   18.0   10.8    4.4   16.7  962.4
10870 20180530  3   15.2   15.8   21.0   26.1   71.3    2.0    9.6    8.9    4.8    0.2  963.1
10870 20180529  3   10.4   11.9   21.1   27.7   66.2    2.0    7.9   11.0    6.2    2.4  961.9
10870 20180528  3    9.0   11.3   20.7   27.8   64.5    2.0    7.7   13.0    4.3    0.0  964.5
10870 20180527  3    8.9   10.5   19.3   26.2   69.3    2.0    7.4   12.0    5.5    0.0  966.6
10870 20180526  3    8.5   10.3   17.8   24.8   77.7    2.0    7.4   10.3    6.0    0.0  968.3
10870 20180525  3    8.4    9.2   16.5   23.9   78.1    2.0   11.1    9.8    3.3    0.0  966.6
10870 20180524  3   10.3   13.0   16.7   21.3   84.2    2.0    6.7    2.7    7.3   29.4  965.9
10870 20180523  3    9.9   11.8   18.0   24.0   72.7    2.0    7.0    8.4    6.5    2.3  964.2
10870 20180522  3    5.5    7.7   16.3   24.2   72.0    2.0   10.3   11.1    5.5    0.0  960.5
10870 20180521  3    6.0    9.8   17.0   23.4   62.6    2.0   10.1   12.4    2.3    1.0  962.1
10870 20180520  3   10.6   11.5   15.7   21.1   66.9    3.0   13.4    7.3    6.8    0.0  966.3
10870 20180519  3    3.2    5.8   13.3   20.6   79.1    2.0   10.3    8.0    5.9   17.3  966.3
10870 20180518  3    6.0    7.6   14.3   20.0   73.0    2.0    5.1   10.1    3.7    0.0  966.3
10870 20180517  3    9.3   10.1   12.6   16.5   86.6    3.0    8.7    0.7    7.4    1.9  964.0
10870 20180516  3    8.5    9.5   10.9   14.4   88.8    3.0    9.3    0.6    8.0   17.6  961.0
10870 20180515  3    6.8    9.4   12.5   17.2   75.5    2.0   11.8    7.5    5.4   13.6  958.6
10870 20180514  3    8.9   12.8   16.5   22.3   72.7    2.0   11.5    3.9    7.0    0.0  955.3
10870 20180513  3    5.1    7.6   17.3   26.1   68.8    2.0    9.3   11.3    4.3    7.7  955.9
10870 20180512  3    4.8    6.4   17.6   25.5   64.6    2.0   11.3   12.7    3.3    0.0  962.0
10870 20180511  3    5.9    8.6   14.1   21.0   72.2    2.0    9.1    8.5    4.3    0.0  965.9
10870 20180510  3    3.9    8.2   15.5   22.4   64.0    3.0   12.9    9.9    4.9    0.3  959.2
10870 20180509  3    1.9    5.2   14.8   22.5   61.9    2.0    9.3   12.6    2.4    0.0  955.2
10870 20180508  3    1.9    8.4   16.8   22.8   48.2    3.0   12.3   13.8    2.1    0.0  958.9
10870 20180507  3    1.6    7.1   15.6   22.8   52.8    3.0   12.7   13.8    1.5    0.0  964.9
10870 20180506  3    5.9   10.2   16.1   22.3   54.0    3.0    9.8   13.8    0.7    0.0  968.4
10870 20180505  3    8.9   10.8   15.9   21.5   68.7    3.0   11.3   10.1    3.4    0.0  967.7
10870 20180504  3    9.4   11.1   15.2   20.9   71.4    3.0   10.5    3.0    6.4    0.0  964.4
10870 20180503  3    7.7    9.4   14.6   19.7   67.5    2.0    7.5    5.6    6.5    0.0  959.9
10870 20180502  3    6.9    8.5   13.6   18.9   61.5    2.0    7.7    3.9    6.9    0.0  958.1
10870 20180501  3    6.4    7.7   11.8   16.4   64.4    2.0    8.6    4.3    6.9    0.0  960.2
10870 20180430  3    9.2    9.8   14.5   18.5   57.0    3.0   19.2    5.7    5.6    1.2  953.9
10870 20180429  3    3.2    6.2   17.2   25.3   57.3    3.0   10.3   13.1    3.5    0.0  954.8
10870 20180428  3    3.0    5.6   15.4   23.0   62.3    2.0    7.7   13.2    3.2    0.0  959.8
10870 20180427  3   -1.6    1.2   12.1   19.9   66.3    2.0   10.5   13.4    4.4    0.0  961.0
10870 20180426  3    1.5    4.4   11.5   14.5   62.2    3.0   10.3    1.8    7.4    0.0  965.6
10870 20180425  3    2.6    5.0   16.1   24.0   58.8    3.0   21.1    9.5    4.9    0.5  961.4
10870 20180424  3    4.8    6.9   15.4   21.2   67.8    3.0   11.8   10.5    5.7    0.0  965.7
10870 20180423  3    6.9    9.9   16.7   23.6   62.6    3.0   13.2    5.7    7.1    0.8  964.3
10870 20180422  3    3.9    5.8   16.8   26.4   61.0    1.0    7.2   12.1    2.6    0.0  963.8
10870 20180421  3    1.9    4.7   16.4   26.0   61.3    2.0    9.3   13.2    2.3    0.0  967.0
10870 20180420  3    1.3    5.2   15.9   25.9   60.5    2.0   12.0   13.3    4.2    0.0  971.2
10870 20180419  3    0.1    3.0   14.1   23.2   63.2    2.0    9.9   13.2    1.5    0.0  975.8
10870 20180418  3   -0.1    2.2   13.2   21.2   66.0    2.0    9.3   13.0    0.8    0.0  978.2
10870 20180417  3    1.4    4.4   12.8   19.7   72.4    1.0    6.7   11.4    3.0    0.0  972.7
10870 20180416  3    4.8    6.9   12.3   16.0   84.5    2.0    8.2    0.5    7.6    2.5  962.7
10870 20180415  3    0.3    2.6   12.1   19.0   66.6    2.0    6.2    4.0    7.2    0.2  960.1
10870 20180414  3   -2.6   -0.2   10.9   19.1   63.8    2.0    7.5   11.9    4.1    0.0  966.6
10870 20180413  3   -0.8    3.1   11.4   18.3   62.8    3.0   19.5    8.2    5.6    0.0  956.6
10870 20180412  3    5.3    8.1   15.8   22.1   50.1    3.0   12.5    5.6    6.6    0.0  948.9
10870 20180411  3    2.4    6.4   12.9   18.3   65.6    2.0    9.3    9.6    5.3    0.0  953.6
10870 20180410  3   -0.2    2.7   11.8   17.6   65.5    2.0   11.5    3.2    6.5    0.0  951.3
10870 20180409  3   -0.3    1.9   11.6   20.6   64.5    2.0    5.8    5.2    6.0    0.0  953.0
10870 20180408  3   -3.6    0.1   10.7   19.8   68.2    2.0    6.2   12.3    0.3    0.0  957.4
10870 20180407  3   -5.1    0.4   10.3   18.7   57.6    2.0   12.0   12.8    0.6    0.0  962.3
10870 20180406  3   -4.1   -1.6    6.9   12.6   64.7    3.0   10.8   12.7    3.0    0.0  968.3
10870 20180405  3    0.7    4.8    9.3   15.2   65.7    4.0   16.8    6.7    4.8    2.4  961.8
10870 20180404  3    1.9    5.2   13.3   22.5   55.8    3.0   17.8    9.2    5.9    0.0  954.4
10870 20180403  3    2.1    4.9   13.7   20.7   51.6    2.0    6.7    7.9    6.9    0.0  955.1
10870 20180402  3   -2.9   -0.3    7.8   14.8   61.1    2.0    8.7   10.8    4.9    0.0  959.1
10870 20180401  3    2.2    3.6    5.6    8.8   75.2    4.0   19.4    2.5    6.3    0.9  955.7
10870 20180331  3    2.5    4.0    6.5    9.4   76.9    3.0   10.1    0.2    7.0    0.8  947.2
10870 20180330  3   -4.5   -2.4    6.5   13.8   77.5    3.0   13.5    6.0    4.9    0.2  951.2
10870 20180329  3   -2.4    0.6    6.5    9.7   71.0    3.0   13.4    4.0    6.3    0.0  955.3
10870 20180328  3    3.0    3.4    8.3   12.6   81.0    4.0   15.4    1.5    7.8    6.0  953.9
10870 20180327  3   -0.5    2.4    5.2    9.4   71.6    3.0   11.5    5.3    6.6    1.8  961.4
10870 20180326  3   -4.2   -2.3    4.7    9.3   73.1    2.0    5.7    1.1    7.1    0.3  959.7
10870 20180325  3   -7.7   -4.6    3.6   12.5   71.3    1.0    7.7   11.6    2.5    0.0  953.7
10870 20180324  3   -6.3   -3.0    3.0    8.4   77.7    3.0   12.9    9.3    4.5    0.0  950.2
10870 20180323  3   -0.1    0.0    2.3    5.6   85.4    3.0    7.7    0.3    7.9    0.1  955.8
10870 20180322  3   -8.9   -7.0   -0.8    4.6   73.2    3.0   10.8    7.4    5.8    0.7  965.5
10870 20180321  3   -8.0   -5.9   -0.6    2.9   67.4    2.0    6.7    5.4    4.9    0.0  971.0
10870 20180320  3  -11.0   -7.9   -2.7    0.9   68.6    2.0    7.0    6.6    6.9    0.7  961.7
10870 20180319  3   -6.4   -5.5   -4.2   -2.3   80.6    2.0    6.2    0.0    8.0    1.1  955.5
10870 20180318  3   -4.3   -4.6   -2.8   -0.9   76.8    4.0   12.7    0.0    8.0    0.8  950.2
10870 20180317  3   -4.0   -1.8    1.1    4.2   92.0    3.0   11.3    0.0    7.4    2.3  946.1
10870 20180316  3   -3.3   -0.9    6.6   11.1   81.0    3.0   12.9    4.2    6.1    0.4  949.7
10870 20180315  3   -6.2   -1.5    4.8   11.1   81.5    3.0   12.9    4.7    5.9    1.6  948.6
10870 20180314  3   -4.7   -0.4    4.6    8.3   82.1    2.0    8.6    2.5    5.6    0.1  958.8
10870 20180313  3    0.4    3.7    7.5   11.4   68.1    5.0   18.0    6.3    6.2    0.4  954.1
10870 20180312  3    1.2    4.5    9.0   12.8   78.3    4.0   17.0    1.8    6.3    1.6  945.7
10870 20180311  3   -2.2    0.0    8.3   15.8   78.7    2.0   10.5    2.9    5.9    7.2  947.5
10870 20180310  3   -1.0    1.4    8.2   13.9   77.0    1.0    4.6    0.1    7.4    0.5  955.2
10870 20180309  3   -0.9    0.4    7.1   12.5   65.3    2.0    9.8    0.6    7.5    0.0  957.3
10870 20180308  3   -0.2    2.1    5.7   10.5   61.8    3.0   11.7    7.0    5.8    0.0  954.6
10870 20180307  3    0.2    1.9    5.1    9.7   75.4    4.0   12.9    3.4    6.5    0.0  946.1
10870 20180306  3   -2.5   -1.5    0.8    3.8   85.9    2.0    5.7    0.0    7.9    0.1  940.1
10870 20180305  3   -3.6   -2.1    2.1    6.8   82.9    2.0    7.5    4.2    7.6    0.0  945.0
10870 20180304  3   -4.1   -2.0    1.9    7.9   80.9    2.0    9.6    9.2    4.9    0.0  948.4
10870 20180303  3  -11.4   -6.1   -1.2    2.0   85.8    2.0    7.5    2.4    7.0    0.3  946.1
10870 20180302  3  -10.2   -9.2   -5.7   -2.4   74.3    3.0   10.3    2.7    6.6    0.2  945.1
10870 20180301  3  -12.5  -11.4   -8.0   -3.7   64.4    4.0   12.2    4.0    6.5    0.0  953.6
10870 20180228  3  -20.2  -16.3  -10.9   -7.5   66.5    3.0   12.3    9.4    2.6    0.0  963.0
10870 20180227  3  -18.5  -13.8  -10.6   -7.5   64.5    2.0    5.1    5.6    6.7    0.0  962.0
10870 20180226  3  -17.1  -13.9  -10.7   -8.4   65.0    2.0    8.7    5.4    4.7    0.0  966.5
10870 20180225  3  -17.3  -11.0   -8.0   -4.8   57.1    3.0   11.3   10.4    0.7    0.0  968.7
10870 20180224  3   -8.8   -7.3   -3.2    0.1   59.9    4.0   14.1   10.1    3.4    0.0  965.8
10870 20180223  3   -4.1   -3.8   -2.5   -0.6   72.2    3.0   12.3    0.0    8.0    0.0  962.5
10870 20180222  3   -6.6   -4.4   -2.6   -1.1   74.0    3.0   12.5    1.1    7.8    0.0  962.7
10870 20180221  3  -14.3   -6.9   -2.2    0.8   79.0    2.0    5.7    7.1    6.0    0.0  964.5
10870 20180220  3  -11.6   -5.2   -3.2   -1.5   89.2    1.0    3.1    0.0    8.0    0.2  962.2
10870 20180219  3  -16.7  -12.4   -4.6   -1.7   86.9    1.0    5.1    0.0    6.1    0.0  965.8
10870 20180218  3  -12.7   -5.9   -1.2    1.0   89.8    2.0    7.5    0.4    5.9    0.0  971.6
10870 20180217  3   -1.2   -1.2   -0.3    1.3   96.7    2.0    7.2    0.0    8.0   10.7  967.0
10870 20180216  3   -1.3    0.2    2.3    5.0   94.8    2.0    5.1    0.0    7.8    1.4  971.2
10870 20180215  3  -11.2   -8.3   -2.7    1.0   84.0    2.0    6.2    0.0    6.6    6.9  966.2
10870 20180214  3  -11.3   -9.5   -4.1    1.1   82.0    1.0    5.7    7.9    1.0    0.0  964.1
10870 20180213  3   -8.3   -6.3   -2.1    1.6   77.8    2.0    8.6    7.7    3.0    0.0  962.6
10870 20180212  3   -3.4   -2.1    0.7    3.2   78.4    3.0   11.1    2.4    6.8    0.0  960.8
10870 20180211  3  -10.6   -7.0    0.2    3.1   84.9    3.0   10.3    2.2    7.0    1.5  956.8
10870 20180210  3   -8.1   -3.8   -0.2    1.7   81.3    2.0    5.1    0.0    8.0    0.0  963.4
10870 20180209  3   -3.6   -2.4   -0.9    0.6   82.8    1.0    5.5    0.0    7.9    0.0  963.2
10870 20180208  3   -2.8   -2.4   -1.3   -0.1   88.4    1.0    3.4    0.0    8.0    0.3  964.3
10870 20180207  3   -7.1   -4.3   -2.0   -1.0   89.2    2.0    5.3    0.0    7.8    4.2  958.2
10870 20180206  3   -7.1   -4.2   -1.7    2.2   78.0    2.0    7.9    6.7    6.1    0.0  960.1
10870 20180205  3   -4.9   -3.8   -1.1    1.9   81.0    3.0   12.5    6.9    4.3    0.0  967.6
10870 20180204  3   -6.5   -4.2   -0.5    2.0   90.2    2.0    6.2    0.7    6.2    0.1  961.7
10870 20180203  3   -1.6   -0.8    1.0    2.6   80.8    2.0    7.2    0.0    7.8    0.2  954.1
10870 20180202  3   -1.8   -0.4    1.8    4.5   72.8    3.0   11.8    4.2    7.0    0.1  954.8
10870 20180201  3   -0.3    0.3    3.2    7.3   86.2    3.0   14.2    0.0    8.0    4.8  952.1
10870 20180131  3    2.1    2.4    7.0   11.1   70.7    3.0   11.3    5.5    6.5    1.2  962.3
10870 20180130  3   -2.5   -0.8    4.9    7.5   86.5    3.0   14.9    0.1    7.1    0.2  975.2
10870 20180129  3   -1.0    1.1    6.7   11.5   80.2    3.0   15.4    6.1    5.3    0.0  976.9
10870 20180128  3    1.6    3.4    6.3    9.3   78.4    3.0   11.5    0.3    7.1    0.2  980.8
10870 20180127  3   -1.4   -0.6    2.3    4.1   92.6    1.0    3.6    0.0    8.0    0.0  976.8
10870 20180126  3   -3.1   -1.4    1.7    6.3   89.6    1.0    6.0    4.8    6.8    0.0  964.9
10870 20180125  3   -4.1   -2.1    4.2   13.0   80.8    1.0    6.2    5.4    7.0    0.0  965.2
10870 20180124  3   -3.4   -1.8    5.2   11.8   75.4    2.0    5.5    6.5    6.9    0.0  971.2
10870 20180123  3   -2.8    0.1    3.8    5.5   85.0    2.0    8.2    0.0    7.7    0.0  971.9
10870 20180122  3   -3.9   -3.4    0.7    4.8   94.3    2.0    5.5    0.0    8.0    7.1  959.6
10870 20180121  3   -6.5   -4.6    0.2    1.7   86.7    3.0   14.4    0.7    6.6    2.5  958.7
10870 20180120  3   -0.3    0.0    1.5    3.5   86.2    3.0   16.5    1.1    7.6    5.6  955.0
10870 20180119  3   -2.4   -0.5    3.0    5.7   79.4    4.0   18.3    4.2    6.5    1.8  957.0
10870 20180118  3   -0.6    0.0    4.3    8.9   78.7    6.0   27.6    1.8    7.4    4.0  953.7
10870 20180117  3   -1.2   -0.2    1.5    3.6   82.7    4.0   19.9    1.9    7.1    2.6  951.3
10870 20180116  3    0.1    0.6    4.9    8.8   78.9    4.0   24.0    0.8    7.5    8.9  948.1
10870 20180115  3   -4.5   -2.8    0.3    4.1   86.3    2.0    9.9    2.8    7.0    1.2  963.8
10870 20180114  3   -0.9   -0.6    0.1    1.4   88.0    2.0    6.7    0.0    8.0    0.0  968.3
10870 20180113  3   -0.3   -0.2    1.7    2.9   87.0    3.0    9.3    0.0    8.0    0.0  970.6
10870 20180112  3    1.8    1.9    2.8    4.4   85.9    2.0    5.1    1.0    7.8    0.0  970.9
10870 20180111  3    0.3    0.0    1.8    3.5   95.8    2.0    4.8    0.0    8.0    0.0  963.2
10870 20180110  3   -3.1   -0.9    2.9    8.5   90.3    2.0    4.6    6.4    6.0    0.0  960.4
10870 20180109  3   -2.6   -1.2    5.4   12.5   80.3    3.0   11.7    3.4    6.2    0.0  961.2
10870 20180108  3    3.8    3.8    5.1    6.2   87.8    4.0   12.9    0.0    8.0    0.0  968.2
10870 20180107  3    1.3    1.0    3.5    6.7   95.3    2.0    9.9    0.0    8.0    0.0  964.9
10870 20180106  3   -0.1    2.5    6.2   10.0   90.0    2.0    6.7    6.7    6.0    0.0  955.9
10870 20180105  3    1.0    4.1    8.8   11.8   79.4    3.0   21.1    1.1    7.4    5.3  951.5
10870 20180104  3    2.8    4.1    6.3   11.4   84.7    5.0   22.3    0.0    7.3   24.9  950.2
10870 20180103  3    1.2    2.1    5.0   13.9   77.8    5.0   29.7    0.2    7.6    8.0  951.1
10870 20180102  3   -1.4    1.5    3.9    7.0   78.0    4.0   19.9    0.1    7.2    2.7  960.3
10870 20180101  3   -2.7    1.4    4.8    7.4   72.3    4.0   18.5    2.3    6.1    0.4  956.2
10870 20171231  3   -2.7    0.0    9.4   12.9   69.1    5.0   22.1    4.2    5.4    0.0  959.1
10870 20171230  3   -2.0    0.8    4.5   10.7   84.0    4.0   21.4    0.1    7.6    2.8  956.2
10870 20171229  3   -4.5   -2.4   -0.8    2.1   74.0    3.0   14.1    5.3    6.1    2.6  957.5
10870 20171228  3   -1.8   -0.9    0.8    1.7   89.3    4.0   14.6    0.0    8.0    1.8  945.8
10870 20171227  3   -6.0   -3.5   -0.5    2.0   90.1    2.0    9.3    1.0    6.8    4.8  939.5
10870 20171226  3   -6.6   -4.9    0.2    9.3   86.0    2.0   13.7    6.5    5.0    0.0  957.1
10870 20171225  3   -3.6   -3.1   -0.7    1.8   94.5    2.0    6.2    0.1    7.6    0.0  968.5
10870 20171224  3   -0.3    1.0    3.7    5.5   86.0    3.0   13.2    2.1    7.6    0.0  975.9
10870 20171223  3    0.8    2.6    5.9    8.1   87.5    4.0   11.7    0.7    7.4    0.0  980.1
10870 20171222  3    0.4    2.9    4.9    6.0   93.8    3.0    8.2    0.0    7.8    0.3  980.2